GDE3:
    Hypervolume: 
        Min: 0.24988490564616642
        Median: 0.7980312408378449
        Max: 0.8431188858383821
        Count: 30
        Indifferent: []
        Values: [0.8400653051497677, 0.7934600982220209, 0.7892010637288804, 0.8175179422059476, 0.8397218951466919, 0.8254843999138285, 0.796559469583889, 0.8279561441982929, 0.24988490564616642, 0.8086475203708846, 0.8398741311293362, 0.8431188858383821, 0.8318023821030702, 0.27810968764753774, 0.7947506477025269, 0.7954998304339375, 0.8083656119582798, 0.6211445950444927, 0.830715405450266, 0.8277352166669205, 0.645451235770735, 0.777302833725492, 0.7808080308263945, 0.8425512560196543, 0.7971904649361344, 0.7988720167395555, 0.7095404242403958, 0.819878292570787, 0.7970124427440968, 0.6482284071691627]
    GenerationalDistance: 
        Min: 3.1058948000174354E-4
        Median: 0.0020396210759797847
        Max: 0.09326741286457649
        Count: 30
        Indifferent: []
        Values: [6.067214422601028E-4, 0.007459314500340708, 3.1058948000174354E-4, 0.0017466782219468621, 7.831378783607905E-4, 5.7933171915466E-4, 0.006285398399075327, 0.003978803473976477, 0.09326741286457649, 0.00738554750976046, 5.081740688609091E-4, 6.80816472041728E-4, 8.235234898874788E-4, 0.055538893036666745, 0.0020618660519106163, 0.002017376100048953, 0.007357803656924098, 0.02446652342274892, 0.001031362037254187, 4.8075044179852886E-4, 0.04272790350896055, 0.004516614800176057, 6.833853081769105E-4, 4.939685343788352E-4, 7.612275927603701E-4, 0.002266821517234942, 0.005158174314426568, 8.15442345626819E-4, 0.0032026558169277737, 0.03908470294185085]
    InvertedGenerationalDistance: 
        Min: 5.603256992112592E-4
        Median: 0.0033159674225018585
        Max: 0.019910317890304098
        Count: 30
        Indifferent: []
        Values: [0.0021696656117916402, 0.01019058943855712, 0.005248287128757805, 0.0012075408991803103, 5.603256992112592E-4, 0.0018465216208515924, 0.001457637760730707, 0.007101773304384371, 0.019910317890304098, 0.006985925207016912, 0.001475967339179051, 0.0023009567812346853, 9.778747867562226E-4, 0.01803392851079886, 0.0030481281663576752, 0.0024048614191324777, 0.002698670146930246, 0.005845966927601567, 8.118122861274508E-4, 0.005734896916150847, 0.01353245776042865, 0.0024227880113551186, 0.0035838066786460414, 7.746827861857811E-4, 0.005089317314891317, 0.014685754393087714, 0.00368752592963174, 0.001672589103626657, 0.0054040104707722735, 0.005130426811032269]
    AdditiveEpsilonIndicator: 
        Min: 0.022581723848989932
        Median: 0.08447294903727252
        Max: 0.42188083966276213
        Count: 30
        Indifferent: []
        Values: [0.03409742772346107, 0.07671705993987579, 0.15075424193411047, 0.05876400094300027, 0.03190090162355758, 0.07791954691185972, 0.10602995525504365, 0.06819783694620436, 0.42188083966276213, 0.07401708530889117, 0.04278416185738352, 0.03201506646010918, 0.06095824784636772, 0.4033244003289954, 0.1172183121219509, 0.11897245098552206, 0.11007098512097727, 0.20806216999281998, 0.047799858706919246, 0.06065283146034464, 0.159451275906106, 0.1026815336536766, 0.15512643472994175, 0.022581723848989932, 0.12259328113982704, 0.0873142291549844, 0.17366088737029312, 0.07728311366785051, 0.08163166891956065, 0.1964818364337567]
    MaximumParetoFrontError: 
        Min: 0.009285692222383044
        Median: 0.09486953151691692
        Max: 1.4691295762686558
        Count: 30
        Indifferent: []
        Values: [0.03885533378210239, 0.17961079807319416, 0.009285692222383044, 0.06754646260619579, 0.03441587086947911, 0.036380601191009915, 0.3971181123323581, 0.23121574441908677, 1.4691295762686558, 0.27426578594143936, 0.017774846799441017, 0.02530128274007602, 0.0445130612135829, 1.0145960239357175, 0.13093931998876157, 0.1278916072451783, 0.3628419588825644, 0.7872747845853334, 0.0388066470860686, 0.010714870878771737, 0.6161242506923852, 0.1846781267053586, 0.057444954189381274, 0.01958089226616419, 0.04852424346691706, 0.11704467860921404, 0.15825115141875903, 0.05511379900763319, 0.0726943844246198, 0.7324663980254956]
    Spacing: 
        Min: 1.1976785446862208
        Median: 6.456781781553185
        Max: 65.51238391720446
        Count: 30
        Indifferent: []
        Values: [9.114823330285956, 18.192632298759253, 3.7046315616533287, 10.19638011574088, 4.289970115672481, 4.916013015666935, 5.386652288315351, 6.513655946460863, 65.51238391720446, 7.917584586608621, 5.231927739656777, 5.1333277247739275, 4.44659398597967, 6.399907616645507, 7.158191875600195, 6.028989873826226, 6.004385485233078, 10.59450819811682, 5.790700040290867, 3.6382646502015863, 5.357322758465131, 11.181729004691487, 7.925995338666654, 7.681857967157337, 7.604089851030137, 1.1976785446862208, 9.942718787217792, 9.755603928072407, 5.308796004165945, 12.396863759068953]
    Contribution: 
        Min: 0.0
        Median: 0.03538175046554935
        Max: 0.1005586592178771
        Count: 30
        Indifferent: []
        Values: [0.0521415270018622, 0.00931098696461825, 0.054003724394785846, 0.1005586592178771, 0.020484171322160148, 0.0260707635009311, 0.020484171322160148, 0.05772811918063315, 0.0, 0.040968342644320296, 0.03910614525139665, 0.0335195530726257, 0.037243947858473, 0.0, 0.03910614525139665, 0.020484171322160148, 0.03910614525139665, 0.0, 0.0670391061452514, 0.040968342644320296, 0.0, 0.00558659217877095, 0.027932960893854747, 0.03910614525139665, 0.0335195530726257, 0.0446927374301676, 0.020484171322160148, 0.0670391061452514, 0.0633147113594041, 0.0]
