NSGAII:
    Hypervolume: 
        Min: 0.7807050081194139
        Median: 0.8393258638039718
        Max: 0.8478383127361526
        Count: 30
        Indifferent: []
        Values: [0.8400748969360228, 0.817485505349049, 0.8424939160449136, 0.8447155200881713, 0.8464744438674284, 0.8387398944670135, 0.840892812996742, 0.847724302051435, 0.8456208787414767, 0.8258478311318848, 0.7807050081194139, 0.8116404795806296, 0.8390704587071983, 0.822245670763571, 0.8387623674492986, 0.842694482582507, 0.84132040377558, 0.8080824378973733, 0.8405981754271076, 0.8395812689007451, 0.7937921523278475, 0.832952959892115, 0.8474401249204803, 0.8472237101903329, 0.8145630288665232, 0.8122049225818077, 0.8478383127361526, 0.8258341185140818, 0.8442458483687123, 0.8377688014488126]
    GenerationalDistance: 
        Min: 2.597737263189592E-4
        Median: 7.793281450804075E-4
        Max: 0.007473984587959893
        Count: 30
        Indifferent: []
        Values: [0.0010487800884176714, 0.00287926943646984, 9.524507839358176E-4, 5.855948550081696E-4, 4.3978232217678037E-4, 5.570470859954336E-4, 9.396698471574147E-4, 4.965340152208581E-4, 5.133769168029797E-4, 5.823258244966488E-4, 0.006133115131717279, 0.002388930803027318, 0.0010675880003496805, 2.597737263189592E-4, 3.347422895504739E-4, 5.462034280698472E-4, 7.516218788599249E-4, 0.0016667906430965684, 8.52515369422692E-4, 0.0027627925029351124, 3.6433309778875685E-4, 0.0032722623416889724, 5.252762018712067E-4, 5.365927350756039E-4, 0.007473984587959893, 0.0033155936473469438, 5.109495963004146E-4, 0.004141766694162759, 7.522417170692719E-4, 8.06414573091543E-4]
    InvertedGenerationalDistance: 
        Min: 4.317962712405209E-4
        Median: 0.0013616616434413693
        Max: 0.013826316100039475
        Count: 30
        Indifferent: []
        Values: [0.0020262380544041544, 0.00867301770341166, 6.013398705387146E-4, 7.535208797372048E-4, 0.0019209342360761517, 0.0021098894358397634, 7.216280532424002E-4, 4.6984175365869516E-4, 0.001046267279831586, 0.013826316100039475, 0.004948377361577183, 0.0018309951150245805, 0.0010129215519588993, 0.005668305684949774, 0.003573885175716877, 0.0013562818347121592, 0.0010751215666327408, 0.0030737281717138493, 9.946467690862516E-4, 0.001085472034590342, 0.004847056737149956, 0.0011490089772206741, 0.0010690267392267868, 5.42402586408955E-4, 0.0016764211205555926, 0.001690677894480795, 4.317962712405209E-4, 0.0015923582383155245, 8.591015650992309E-4, 0.0013670414521705797]
    AdditiveEpsilonIndicator: 
        Min: 0.015923117254227015
        Median: 0.044347408563139845
        Max: 0.13128504716684575
        Count: 30
        Indifferent: []
        Values: [0.03576345202502413, 0.07859183807851289, 0.026786715411919293, 0.027438096680044256, 0.027033253376620072, 0.056158471273525606, 0.04315817410805776, 0.01658976244734985, 0.02575831928954977, 0.0790996010229454, 0.10884507464976317, 0.09118559577276947, 0.04737796335616154, 0.09820253110534327, 0.060346417937646044, 0.035187152461939465, 0.024214598997382927, 0.09415086959973588, 0.027946253262140647, 0.047730709248353674, 0.13128504716684575, 0.0412807638340017, 0.016509996620845166, 0.016684055267731077, 0.06913923701890859, 0.0754794344856832, 0.015923117254227015, 0.06927543064481385, 0.02685089790451776, 0.04553664301822193]
    MaximumParetoFrontError: 
        Min: 0.008256564355639727
        Median: 0.028753334632011712
        Max: 0.3358305261074091
        Count: 30
        Indifferent: []
        Values: [0.05340687412412193, 0.19466246392109474, 0.031386362025930016, 0.016802349476239355, 0.011239444912598272, 0.014058170982659752, 0.03814804212882684, 0.01581667302271458, 0.01523138449767524, 0.012989831770489605, 0.12174913423303871, 0.07181879562104101, 0.03996011752517654, 0.008256564355639727, 0.01013157992268076, 0.014013090829490055, 0.020845297644001233, 0.05807092719685938, 0.02793035787993409, 0.15440740085690408, 0.026045328905311478, 0.18442234803099622, 0.015548998783825867, 0.013943779563184898, 0.3358305261074091, 0.0817299788552719, 0.019050840542901917, 0.26465841492991776, 0.029576311384089334, 0.039364489278944134]
    Spacing: 
        Min: 1.5620555676265577
        Median: 5.264424986056534
        Max: 22.80108560639459
        Count: 30
        Indifferent: []
        Values: [3.6299458835839165, 19.407144368228593, 4.723172316867736, 5.333250876003522, 5.602908343229446, 4.6546781747816715, 5.8316601728256305, 5.0425881417237015, 4.951857646189454, 1.5620555676265577, 9.214637621073066, 4.682851762487086, 5.228721339569788, 5.164697362446078, 5.769401764590957, 4.844890865315612, 4.817259488830325, 3.526136003548793, 4.318000412919042, 6.17971284424319, 22.80108560639459, 5.566339440120937, 6.066652990706583, 5.667338689736102, 5.30012863254328, 4.289559830526616, 6.085539944376535, 5.218299500561825, 5.346704988630515, 5.53095958039981]
    Contribution: 
        Min: 0.0
        Median: 0.03165938864628821
        Max: 0.08951965065502183
        Count: 30
        Indifferent: []
        Values: [0.024017467248908297, 0.0611353711790393, 0.05458515283842795, 0.03056768558951965, 0.039301310043668124, 0.04148471615720524, 0.05021834061135371, 0.04585152838427948, 0.03275109170305677, 0.024017467248908297, 0.0, 0.026200873362445413, 0.017467248908296942, 0.08951965065502183, 0.05240174672489083, 0.024017467248908297, 0.006550218340611353, 0.04585152838427948, 0.004366812227074236, 0.028384279475982533, 0.05458515283842795, 0.002183406113537118, 0.034934497816593885, 0.056768558951965066, 0.004366812227074236, 0.026200873362445413, 0.034934497816593885, 0.019650655021834062, 0.028384279475982533, 0.039301310043668124]
